Date:	12/07/2016	Unnamed: 2	Unnamed: 3
Time:	12:10		
Version no:	0.00		
Project name:	55		
Sample name:	222		
Section name:	section		
Position	5.360024	mm	
E0	0.000000	keV	
E1	1.000000	keV/channel	
sample surface	6.652345	cm	
Tube anode:	Cr		
Tube voltage:	30	kV	
Tube current:	55	mA	
gain	100		
std. database			
resultfile	result		
matrix element	11		
sample thickness	1.000000		
air passage	0.560000	cm	
comments	not in position		
peaking_time	0.400000	m-sec	
trigger_threshold	653.076172	V	
mca_bin_width	21.500000	no:	
number_mca_channels	1024.000000	no:	
gap_time	0.120000	m-sec	
trigger_peaking_time	0.080000	m-sec	
livetime	1.303268	seconds	
runtime	2.007765	seconds	
input_count_rate	236636.373937	cps	
output_count_rate	153601.607965	cps	
channel	content		
1	0.0		
2	0.0		
3	0.0		
4	0.0		
5	0.0		
6	0.0		
7	0.0		
8	0.0		
9	0.0		
10	0.0		
11	0.0		
12	0.0		
13	0.0		
14	0.0		
15	0.0		
16	0.0		
17	0.0		
18	0.0		
19	0.0		
20	0.0		
21	0.0		
22	0.0		
23	0.0		
24	0.0		
25	0.0		
26	0.0		
27	0.0		
28	0.0		
29	0.0		
30	0.0		
31	32.117370892018776		
32	80.75586854460094		
33	207.16901408450704		
34	483.9577464788732		
35	1004.8075117370892		
36	1847.281690140845		
37	2975.981220657277		
38	4375.018779342723		
39	6150.934272300469		
40	8606.699530516433		
41	11411.835680751174		
42	13144.995305164319		
43	12830.103286384976		
44	11513.694835680752		
45	10646.239436619719		
46	10499.43661971831		
47	10746.023474178404		
48	11135.68075117371		
49	11565.070422535211		
50	11992.61971830986		
51	12271.2441314554		
52	12327.06572769953		
53	12272.145539906103		
54	12420.11737089202		
55	13059.023474178404		
56	14196.88262910798		
57	15299.460093896714		
58	15546.051643192488		
59	14835.178403755868		
60	13762.760563380281		
61	12929.80751173709		
62	12515.122065727699		
63	12432.661971830987		
64	12569.854460093897		
65	13222.558685446009		
66	15569.19248826291		
67	22216.44600938967		
68	35135.66197183099		
69	50918.19718309859		
70	60188.07042253521		
71	57748.3896713615		
72	49631.65258215962		
73	44131.018779342725		
74	40799.84507042253		
75	35127.52112676056		
76	28403.755868544602		
77	29113.070422535213		
78	53251.53990610329		
79	123400.79812206572		
80	247764.9295774648		
81	381253.779342723		
82	436539.0281690141		
83	372614.2863849765		
84	245647.6572769953		
85	141008.38028169013		
86	91014.49765258215		
87	83657.2910798122		
88	111606.5117370892		
89	184947.25821596244		
90	297346.7558685446		
91	394500.1784037559		
92	405783.89671361505		
93	319356.8028169014		
94	195135.2676056338		
95	97953.61971830986		
96	46868.23004694836		
97	27352.098591549297		
98	21694.25352112676		
99	20800.93896713615		
100	21473.17840375587		
101	22992.586854460093		
102	25834.19248826291		
103	31582.164319248826		
104	42348.413145539904		
105	58117.779342723006		
106	73694.05633802817		
107	81028.00469483568		
108	75748.85446009389		
109	61000.05164319249		
110	44101.69953051643		
111	31008.61502347418		
112	23455.718309859156		
113	20344.774647887323		
114	19781.328638497653		
115	20332.37558685446		
116	21764.87323943662		
117	25735.13145539906		
118	38121.88262910798		
119	71011.66666666667		
120	139150.5633802817		
121	243958.78403755868		
122	354094.95774647885		
123	412451.7089201878		
124	381772.64319248823		
125	281947.9014084507		
126	170710.5915492958		
127	92913.82629107981		
128	57184.03286384977		
129	50368.1455399061		
130	57050.103286384976		
131	66324.11267605633		
132	71426.3896713615		
133	70945.07042253521		
134	70846.93896713616		
135	82921.7042253521		
136	116238.9530516432		
137	166575.661971831		
138	211956.28638497653		
139	225889.53051643193		
140	198487.35211267605		
141	146006.65258215962		
142	94729.48356807511		
143	60975.54460093897		
144	45811.7089201878		
145	43077.08450704225		
146	47580.32394366197		
147	57280.896713615024		
148	72944.33802816902		
149	101451.62441314555		
150	163867.77464788733		
151	303016.30516431923		
152	569224.352112676		
153	968622.985915493		
154	1403623.220657277		
155	1684656.8638497652		
156	1656591.469483568		
157	1330089.971830986		
158	876193.8544600939		
159	482842.26291079813		
160	238010.20187793428		
161	127758.57746478873		
162	102794.14553990611		
163	129484.66666666667		
164	205742.8028169014		
165	371979.78873239434		
166	756819.2159624413		
167	1688346.79342723		
168	3823085.1690140846		
169	8068601.690140845		
170	14977058.582159624		
171	23670853.300469484		
172	31326604.887323942		
173	34413810.910798125		
174	31242469.948356807		
175	23401232.093896713		
176	14475855.159624413		
177	7436256.262910798		
178	3227990.868544601		
179	1253925.5868544602		
180	527256.9953051644		
181	359777.1596244131		
182	457855.3145539906		
183	783729.2816901408		
184	1407414.5492957747		
185	2368224.8591549294		
186	3534506.544600939		
187	4547324.915492957		
188	4967150.417840376		
189	4571465.084507043		
190	3532648.2723004697		
191	2293700.9812206575		
192	1257557.985915493		
193	590603.3896713615		
194	245883.18779342723		
195	98607.33802816902		
196	44843.150234741785		
197	27164.906103286386		
198	21396.563380281692		
199	19367.25821596244		
200	18832.976525821596		
201	19495.43192488263		
202	22124.57276995305		
203	29036.924882629108		
204	46114.96713615023		
205	84975.40845070423		
206	163982.27230046949		
207	301801.882629108		
208	502388.30046948354		
209	735092.7464788732		
210	930689.5633802817		
211	1011188.1877934273		
212	938105.5774647887		
213	742438.4647887324		
214	502898.6713615024		
215	295912.3615023474		
216	157395.08920187794		
217	82843.5117370892		
218	49594.586854460096		
219	36773.62441314554		
220	32157.028169014084		
221	30896.23474178404		
222	31862.723004694835		
223	35096.43661971831		
224	41324.73708920188		
225	51642.413145539904		
226	67913.30516431924		
227	91936.57276995305		
228	122789.21596244132		
229	155366.0		
230	179903.28638497653		
231	187046.01408450704		
232	173427.00938967135		
233	144666.9061032864		
234	111596.76525821596		
235	84295.87323943662		
236	68039.55399061032		
237	63394.98591549296		
238	68377.82159624413		
239	81431.24882629108		
240	102271.49295774648		
241	131989.23004694836		
242	172468.12676056338		
243	225900.10328638498		
244	294209.93896713614		
245	379922.76995305164		
246	489646.1361502347		
247	638604.9061032864		
248	854477.6384976526		
249	1165366.131455399		
250	1574507.8779342724		
251	2025036.572769953		
252	2394536.1549295774		
253	2540374.187793427		
254	2382619.056338028		
255	1959804.7230046948		
256	1410002.9154929577		
257	890696.0985915493		
258	501233.27699530515		
259	261616.33333333334		
260	139024.96244131456		
261	87262.9530516432		
262	70420.00469483568		
263	68336.7089201878		
264	72081.19718309859		
265	78769.79342723005		
266	88037.46009389672		
267	100246.39436619719		
268	115423.87323943662		
269	133434.30985915492		
270	154312.3661971831		
271	179053.1220657277		
272	210882.0985915493		
273	254043.74647887325		
274	311337.1784037559		
275	379376.05633802817		
276	444810.8591549296		
277	487270.0281690141		
278	487507.25352112675		
279	438810.90610328637		
280	352731.8732394366		
281	252406.8544600939		
282	161499.46009389672		
283	93859.31455399061		
284	51560.103286384976		
285	29200.652582159626		
286	19429.483568075117		
287	16690.469483568075		
288	18111.291079812207		
289	23589.42723004695		
290	36182.535211267605		
291	63388.173708920185		
292	119177.91549295775		
293	225242.10328638498		
294	406544.52582159627		
295	679853.2957746478		
296	1033987.2676056338		
297	1413975.2441314554		
298	1726270.2769953052		
299	1873568.1643192489		
300	1801611.8450704226		
301	1532969.220657277		
302	1154035.2300469484		
303	770051.0751173709		
304	458353.89671361505		
305	247008.52112676058		
306	125023.4131455399		
307	64355.93896713615		
308	38109.94835680751		
309	28186.338028169015		
310	24657.849765258215		
311	23108.840375586853		
312	21920.82159624413		
313	20792.089201877934		
314	19806.95305164319		
315	19246.1220657277		
316	19267.591549295776		
317	20025.915492957745		
318	21648.943661971833		
319	24417.549295774646		
320	28953.816901408452		
321	36405.333333333336		
322	48609.234741784036		
323	68308.81220657277		
324	98381.74178403756		
325	140724.57276995305		
326	194192.3145539906		
327	252210.13145539907		
328	303336.6384976526		
329	334130.54929577466		
330	334626.04225352115		
331	303860.0187793427		
332	250424.9061032864		
333	188634.25821596244		
334	132962.53990610328		
335	92427.5868544601		
336	70834.0469483568		
337	67947.86384976526		
338	82812.8779342723		
339	114839.44131455399		
340	163452.15492957746		
341	226271.3145539906		
342	296086.3615023474		
343	360541.59154929576		
344	404533.1220657277		
345	415492.45070422534		
346	389187.69953051646		
347	331974.8403755869		
348	258814.4131455399		
349	185913.60563380283		
350	126041.31924882629		
351	84383.65258215963		
352	60541.572769953054		
353	51375.30046948357		
354	53189.06103286385		
355	63105.089201877934		
356	78609.86854460093		
357	96709.03286384976		
358	113766.72300469484		
359	125568.69014084506		
360	128705.03286384976		
361	121813.24882629108		
362	106391.43661971831		
363	86205.40375586854		
364	65803.94366197183		
365	48529.45070422535		
366	35987.45070422535		
367	28297.647887323943		
368	24406.1220657277		
369	23155.24882629108		
370	23679.17370892019		
371	25331.12676056338		
372	27718.69483568075		
373	30393.93427230047		
374	32915.81220657277		
375	34907.65258215962		
376	36321.24882629108		
377	37297.04694835681		
378	38261.281690140844		
379	39556.319248826294		
380	41422.50234741784		
381	43467.51643192488		
382	45063.488262910796		
383	45596.319248826294		
384	44674.43192488263		
385	42439.46948356808		
386	39486.05633802817		
387	36571.52112676056		
388	34302.58215962441		
389	33011.21596244132		
390	32583.68544600939		
391	32687.070422535213		
392	32924.2910798122		
393	33004.488262910796		
394	32880.43192488263		
395	32699.17840375587		
396	32671.1220657277		
397	33021.13145539906		
398	33851.01408450704		
399	35084.8544600939		
400	36667.94835680751		
401	38234.23004694836		
402	39491.99061032864		
403	40098.38497652582		
404	39901.88262910798		
405	38913.31455399061		
406	37383.66197183099		
407	35712.835680751174		
408	34138.680751173706		
409	32903.342723004695		
410	32178.89201877934		
411	31955.413145539907		
412	32296.896713615024		
413	33196.86854460094		
414	34628.596244131455		
415	36593.74647887324		
416	39141.535211267605		
417	42339.61502347418		
418	46357.71361502347		
419	51336.633802816905		
420	57326.64788732395		
421	64150.81690140845		
422	71164.31924882629		
423	77447.22535211267		
424	81585.8309859155		
425	82770.05164319249		
426	80203.30985915494		
427	74506.08450704225		
428	66779.71830985915		
429	58602.62910798122		
430	51326.06572769953		
431	45825.47887323944		
432	42218.37089201878		
433	40350.34741784038		
434	39724.849765258215		
435	39974.17840375587		
436	40804.173708920185		
437	41876.69483568075		
438	43088.54929577465		
439	44154.64788732395		
440	45014.21596244132		
441	45440.15962441314		
442	45599.727699530515		
443	45710.7558685446		
444	45908.31455399061		
445	46375.46948356808		
446	47198.7558685446		
447	48304.66197183099		
448	49444.8544600939		
449	50340.8544600939		
450	50713.666666666664		
451	50383.2910798122		
452	49350.150234741785		
453	47779.13615023474		
454	45912.90140845071		
455	44123.633802816905		
456	42569.84507042253		
457	41454.06103286385		
458	40831.6103286385		
459	40709.56338028169		
460	41050.319248826294		
461	41831.535211267605		
462	43065.47887323944		
463	44852.9765258216		
464	47304.37089201878		
465	50471.25821596244		
466	54599.78403755868		
467	59395.981220657275		
468	64636.96244131456		
469	69481.03286384976		
470	73114.09389671362		
471	74546.0985915493		
472	73458.5352112676		
473	69995.67136150235		
474	64762.535211267605		
475	58861.88262910798		
476	53338.76995305164		
477	48802.94835680751		
478	45624.28638497653		
479	43774.51643192488		
480	43010.76056338028		
481	43029.47887323944		
482	43561.50234741784		
483	44374.05164319249		
484	45224.66197183099		
485	45956.62441314554		
486	46390.366197183095		
487	46533.910798122066		
488	46291.44600938967		
489	45947.920187793425		
490	45460.25352112676		
491	44998.13615023474		
492	44684.79342723005		
493	44599.3896713615		
494	44705.38497652582		
495	45093.089201877934		
496	45757.64319248826		
497	46669.64788732395		
498	47686.39906103286		
499	48861.57746478873		
500	49921.84037558686		
501	50812.45070422535		
502	51385.619718309856		
503	51529.72300469484		
504	51341.88262910798		
505	50920.40845070423		
506	50297.7089201878		
507	49669.61502347418		
508	49172.17840375587		
509	48746.32863849765		
510	48493.96244131456		
511	48403.619718309856		
512	48457.00938967136		
513	48670.704225352114		
514	48936.58215962441		
515	49274.78403755868		
516	49551.67136150235		
517	49738.164319248826		
518	49786.62910798122		
519	49712.042253521126		
520	49554.849765258215		
521	49363.90140845071		
522	49240.81220657277		
523	49142.488262910796		
524	49195.464788732395		
525	49326.605633802814		
526	49516.98591549296		
527	49737.295774647886		
528	49994.25821596244		
529	50187.19718309859		
530	50360.84037558686		
531	50483.46948356808		
532	50534.60093896714		
533	50572.1220657277		
534	50599.8779342723		
535	50525.164319248826		
536	50574.92957746479		
537	50607.1220657277		
538	50674.60093896714		
539	50839.079812206575		
540	51022.33802816901		
541	51311.50234741784		
542	51553.45539906103		
543	51860.19718309859		
544	52257.211267605635		
545	52704.220657276994		
546	53213.112676056335		
547	53822.13145539906		
548	54543.10798122066		
549	55370.80281690141		
550	56287.09389671362		
551	57199.71361502347		
552	58137.25352112676		
553	58947.21596244132		
554	59506.971830985916		
555	59834.98591549296		
556	59713.48356807512		
557	59288.37089201878		
558	58457.13615023474		
559	57517.03755868544		
560	56482.474178403754		
561	55540.28638497653		
562	54758.10798122066		
563	54174.75117370892		
564	53783.06103286385		
565	53594.08450704225		
566	53481.69483568075		
567	53496.173708920185		
568	53600.00469483568		
569	53734.835680751174		
570	53885.22535211268		
571	54075.44131455399		
572	54307.413145539904		
573	54569.8544600939		
574	54781.84507042253		
575	54986.04694835681		
576	55256.8779342723		
577	55423.57746478873		
578	55574.93896713615		
579	55714.07042253521		
580	55853.64319248826		
581	55957.13615023474		
582	56084.34741784038		
583	56168.50704225352		
584	56290.0		
585	56443.30985915493		
586	56590.873239436616		
587	56714.30516431925		
588	56872.680751173706		
589	57023.90610328638		
590	57149.43192488263		
591	57318.333333333336		
592	57490.079812206575		
593	57632.173708920185		
594	57816.826291079815		
595	57967.54460093897		
596	58087.042253521126		
597	58126.59154929577		
598	58175.19248826291		
599	58101.75117370892		
600	58024.93427230047		
601	57853.826291079815		
602	57733.366197183095		
603	57595.23004694836		
604	57494.18779342723		
605	57401.779342723006		
606	57354.49295774648		
607	57304.83098591549		
608	57265.84037558686		
609	57282.2441314554		
610	57231.61502347418		
611	57286.75117370892		
612	57366.09389671362		
613	57553.272300469485		
614	57863.27699530516		
615	58308.55399061033		
616	58964.16901408451		
617	59887.82159624413		
618	61024.15492957747		
619	62411.23004694836		
620	63911.94366197183		
621	65407.15492957747		
622	66739.52582159624		
623	67735.3661971831		
624	68240.77464788733		
625	68202.9014084507		
626	67586.76056338029		
627	66500.80751173709		
628	65174.19718309859		
629	63656.21596244132		
630	62326.60093896714		
631	61119.37558685446		
632	60171.30516431925		
633	59506.57746478873		
634	59096.39906103286		
635	58813.1220657277		
636	58684.77464788732		
637	58600.31455399061		
638	58597.727699530515		
639	58628.35680751174		
640	58656.62910798122		
641	58671.05633802817		
642	58738.018779342725		
643	58765.525821596246		
644	58852.42253521127		
645	58983.657276995305		
646	59238.99061032864		
647	59702.48356807512		
648	60606.86854460094		
649	62140.69483568075		
650	64685.06103286385		
651	68704.91079812206		
652	74599.27230046949		
653	82728.28638497653		
654	93228.63849765259		
655	105726.43661971831		
656	119530.67605633802		
657	133333.89671361502		
658	145455.67136150235		
659	154169.10328638498		
660	158248.5117370892		
661	156777.74647887325		
662	150048.63849765257		
663	138951.9248826291		
664	125177.19248826291		
665	110470.76056338029		
666	96548.33802816902		
667	84558.80281690141		
668	75095.45070422535		
669	68195.14084507042		
670	63430.31455399061		
671	60468.00469483568		
672	58697.93896713615		
673	57686.23004694836		
674	57124.74178403756		
675	56821.35680751174		
676	56620.06572769953		
677	56542.31455399061		
678	56454.59154929577		
679	56351.46948356808		
680	56238.30046948357		
681	56210.05164319249		
682	56193.62910798122		
683	56128.86854460094		
684	56110.704225352114		
685	56112.01408450704		
686	56114.657276995305		
687	56159.78403755868		
688	56288.66197183099		
689	56418.403755868545		
690	56645.05164319249		
691	56930.89201877934		
692	57271.56338028169		
693	57703.74647887324		
694	58115.53051643192		
695	58519.20657276995		
696	58805.09859154929		
697	58992.90610328638		
698	58984.23943661972		
699	58790.79812206573		
700	58409.08450704225		
701	57973.34741784038		
702	57450.19248826291		
703	56940.50234741784		
704	56474.94366197183		
705	56085.56338028169		
706	55770.66197183099		
707	55509.09389671362		
708	55362.32863849765		
709	55209.84507042253		
710	55057.88262910798		
711	54966.44600938967		
712	54825.50234741784		
713	54704.99061032864		
714	54615.73708920188		
715	54481.605633802814		
716	54385.32394366197		
717	54279.45070422535		
718	54280.81690140845		
719	54204.38497652582		
720	54141.042253521126		
721	54178.666666666664		
722	54276.80281690141		
723	54410.05164319249		
724	54717.98591549296		
725	55166.3896713615		
726	55899.33802816901		
727	56889.56807511737		
728	58247.44131455399		
729	59974.596244131455		
730	62096.8779342723		
731	64582.74647887324		
732	67378.7042253521		
733	70315.5352112676		
734	73201.24882629108		
735	75734.20657276995		
736	77654.19248826291		
737	78657.59624413146		
738	78631.45539906103		
739	77367.0		
740	75132.64788732394		
741	72080.86854460093		
742	68606.55868544601		
743	65075.17840375587		
744	61870.779342723006		
745	59168.61502347418		
746	57058.91549295775		
747	55558.13145539906		
748	54546.657276995305		
749	53902.18779342723		
750	53393.79812206573		
751	53039.69483568075		
752	52672.366197183095		
753	52234.16901408451		
754	51797.98591549296		
755	51315.657276995305		
756	50905.8779342723		
757	50440.37089201878		
758	50051.16901408451		
759	49790.36150234742		
760	49541.61502347418		
761	49346.92488262911		
762	49200.319248826294		
763	49039.40845070423		
764	48965.92488262911		
765	48917.11737089202		
766	48812.535211267605		
767	48826.7323943662		
768	48770.680751173706		
769	48757.01408450704		
770	48705.75117370892		
771	48731.718309859156		
772	48694.80281690141		
773	48632.24882629108		
774	48583.09859154929		
775	48499.586854460096		
776	48417.67605633803		
777	48280.23943661972		
778	48170.67605633803		
779	48021.7323943662		
780	47898.43192488263		
781	47712.45070422535		
782	47507.49765258216		
783	47349.42253521127		
784	47186.19248826291		
785	47062.30046948357		
786	46844.910798122066		
787	46719.16901408451		
788	46566.910798122066		
789	46484.380281690144		
790	46363.94366197183		
791	46259.018779342725		
792	46195.96713615023		
793	46112.281690140844		
794	45991.04694835681		
795	45898.511737089204		
796	45801.394366197186		
797	45677.112676056335		
798	45559.47887323944		
799	45395.35211267605		
800	45266.92957746479		
801	45159.43661971831		
802	45002.67136150235		
803	44888.07042253521		
804	44762.30046948357		
805	44646.920187793425		
806	44559.59154929577		
807	44422.86854460094		
808	44314.788732394365		
809	44216.366197183095		
810	44123.30985915493		
811	43982.00469483568		
812	43933.44600938967		
813	43883.633802816905		
814	43797.69014084507		
815	43768.37558685446		
816	43762.68544600939		
817	43847.028169014084		
818	43948.03286384977		
819	44098.295774647886		
820	44252.3896713615		
821	44448.57746478873		
822	44617.15492957747		
823	44780.727699530515		
824	44846.64788732395		
825	44850.67136150235		
826	44771.34741784038		
827	44675.727699530515		
828	44484.920187793425		
829	44310.74647887324		
830	44105.45539906103		
831	43872.09859154929		
832	43631.403755868545		
833	43370.60093896714		
834	43113.65258215962		
835	42781.971830985916		
836	42443.59154929577		
837	42109.46009389671		
838	41753.06572769953		
839	41427.30985915493		
840	41115.511737089204		
841	40811.140845070426		
842	40618.981220657275		
843	40362.2676056338		
844	40167.26291079812		
845	39996.27699530516		
846	39848.00938967136		
847	39672.39906103286		
848	39499.56338028169		
849	39340.295774647886		
850	39183.94835680751		
851	39041.18779342723		
852	38848.81690140845		
853	38711.51643192488		
854	38534.366197183095		
855	38386.79342723005		
856	38247.59154929577		
857	38087.34741784038		
858	37964.666666666664		
859	37845.74178403756		
860	37709.788732394365		
861	37597.81690140845		
862	37472.633802816905		
863	37380.37558685446		
864	37258.272300469485		
865	37163.79342723005		
866	37060.586854460096		
867	36950.39906103286		
868	36800.91549295775		
869	36705.05164319249		
870	36598.910798122066		
871	36424.028169014084		
872	36264.380281690144		
873	36160.849765258215		
874	35981.0234741784		
875	35845.27699530516		
876	35690.47887323944		
877	35566.018779342725		
878	35385.57746478873		
879	35260.75117370892		
880	35125.92957746479		
881	35003.47887323944		
882	34860.99061032864		
883	34771.39906103286		
884	34639.56807511737		
885	34498.94366197183		
886	34383.52112676056		
887	34251.00469483568		
888	34131.34741784038		
889	33993.79342723005		
890	33867.8779342723		
891	33715.511737089204		
892	33608.079812206575		
893	33479.09859154929		
894	33347.39906103286		
895	33219.37089201878		
896	33122.605633802814		
897	32981.535211267605		
898	32902.605633802814		
899	32788.20657276995		
900	32727.0		
901	32626.600938967134		
902	32522.44131455399		
903	32454.840375586853		
904	32399.910798122066		
905	32322.769953051644		
906	32271.708920187793		
907	32178.755868544602		
908	32108.17370892019		
909	32036.910798122066		
910	31927.835680751174		
911	31783.863849765257		
912	31657.652582159626		
913	31466.95305164319		
914	31307.549295774646		
915	31138.93427230047		
916	30975.10798122066		
917	30785.06103286385		
918	30627.44131455399		
919	30469.882629107982		
920	30325.849765258215		
921	30177.032863849767		
922	30069.769953051644		
923	29927.539906103288		
924	29813.24882629108		
925	29689.8779342723		
926	29540.92018779343		
927	29411.032863849767		
928	29305.17840375587		
929	29182.38028169014		
930	29050.417840375587		
931	28939.5117370892		
932	28813.032863849767		
933	28679.596244131455		
934	28579.723004694835		
935	28454.159624413147		
936	28351.948356807512		
937	28247.089201877934		
938	28121.718309859156		
939	28020.784037558686		
940	27898.727699530515		
941	27779.098591549297		
942	27664.774647887323		
943	27563.01877934272		
944	27453.4882629108		
945	27328.92018779343		
946	27225.671361502347		
947	27125.544600938967		
948	27022.676056338027		
949	26897.075117370892		
950	26785.95305164319		
951	26700.5117370892		
952	26584.676056338027		
953	26484.713615023473		
954	26379.82629107981		
955	26278.422535211266		
956	26150.136150234743		
957	26063.661971830985		
958	25944.10798122066		
959	25815.206572769952		
960	25725.80751173709		
961	25597.408450704224		
962	25505.19248826291		
963	25377.704225352114		
964	25253.399061032866		
965	25123.95305164319		
966	25002.80751173709		
967	24900.413145539907		
968	24772.62441314554		
969	24650.211267605635		
970	24546.328638497653		
971	24445.95305164319		
972	24309.17370892019		
973	24236.38028169014		
974	24129.201877934272		
975	24006.6338028169		
976	23900.333333333332		
977	23784.563380281692		
978	23674.985915492958		
979	23569.87323943662		
980	23466.286384976527		
981	23359.23474178404		
982	23249.154929577464		
983	23139.88732394366		
984	23060.62441314554		
985	22953.201877934272		
986	22857.417840375587		
987	22756.403755868545		
988	22663.07981220657		
989	22533.43192488263		
990	22435.154929577464		
991	22339.50234741784		
992	22242.356807511736		
993	22143.948356807512		
994	22019.220657276994		
995	21913.04694835681		
996	21796.295774647886		
997	21683.3661971831		
998	21572.417840375587		
999	21471.76056338028		
1000	21352.563380281692		
1001	21252.333333333332		
1002	21140.117370892018		
1003	21020.103286384976		
1004	20927.596244131455		
1005	20811.211267605635		
1006	20713.028169014084		
1007	20608.708920187793		
1008	20504.68075117371		
1009	20395.652582159626		
1010	20304.13145539906		
1011	20185.44131455399		
1012	20107.272300469485		
1013	19987.30046948357		
1014	19873.24882629108		
1015	19781.55399061033		
1016	19686.61502347418		
1017	19566.1220657277		
1018	19475.478873239437		
1019	19385.403755868545		
1020	19276.788732394365		
1021	19176.30516431925		
1022	19068.93896713615		
1023	18968.140845070422		
1024	18880.197183098593		
